3 -8 9.8
-9 8 24.2
-4 -7 9.32
2 5 3.92
-2 1 0.93
7 -10 22.3
-10 -2 20.5
5 -4 7.0
-9 -5 19.32
3 -1 1.93
6 1 7.33
-10 -7 26.12
-9 -9 26.32
-10 7 26.12
-3 10 14.3
-6 -8 15.2
-5 -7 11.12
9 3 17.32
8 3 13.93
-3 -9 11.93
-1 -8 8.2
10 -6 24.5
-9 -10 28.7
5 10 17.5
2 -10 13.3
10 5 23.12
-10 6 24.5
8 -10 25.3
1 -9 10.32
5 -10 17.5
-2 7 6.92
-7 4 11.8
-10 10 32.5
7 7 15.93
10 -10 32.5
-10 8 28.0
0 7 6.12
-3 -2 2.3
6 3 8.32
-2 -1 0.93
-5 -8 13.0
7 7 15.93
-4 -10 15.7
7 -4 11.8
3 8 9.8
7 3 10.93
-5 0 5.0
5 -3 6.12
-6 7 13.32
5 -5 8.12
-4 -7 9.32
-8 10 25.3
-3 -4 3.8
-2 -7 6.92
-7 2 10.3
4 5 6.33
3 -10 14.3
-4 4 5.2
-9 3 17.32
9 -4 18.2
9 -1 16.32
7 3 10.93
4 -2 3.7
5 5 8.12
-1 -4 2.2
6 4 9.2
2 7 6.92
5 10 17.5
-7 -8 17.8
7 -6 14.3
0 -4 2.0
5 4 7.0
7 -2 10.3
-4 -2 3.7
4 4 5.2
7 9 19.93
-3 0 1.8
-8 -10 25.3
-7 -10 22.3
-4 -3 4.33
-8 6 17.3
1 2 0.7
3 -4 3.8
3 0 1.8
4 -9 13.32
8 -5 15.93
-6 -10 19.7
3 -8 9.8
9 0 16.2
3 -3 2.92
-1 3 1.32
1 6 4.7
-8 -5 15.93
-9 6 20.7
3 9 11.93
-10 -4 22.0
8 9 22.93
-9 8 24.2
-8 2 13.3
8 4 14.8
-7 3 10.93
-6 -2 7.7
4 -5 6.33
-1 4 2.2
0 -7 6.12
7 9 19.93
9 1 16.32
-10 -1 20.12
3 -6 6.3
5 0 5.0
10 -5 23.12
0 -1 0.12
4 4 5.2
-10 -9 30.12
7 9 19.93
-2 8 8.8
-2 3 1.93
6 -4 9.2
-10 -1 20.12
5 5 8.12
9 -4 18.2
-4 10 15.7
-1 1 0.33
8 -10 25.3
-3 3 2.92
1 -1 0.33
-10 -1 20.12
-8 -3 13.93
-6 -3 8.32
1 -8 8.2
3 5 4.92
-8 -9 22.93
4 -4 5.2
1 -1 0.33
4 -7 9.32
-4 -8 11.2
-2 0 0.8
-1 -8 8.2
6 0 7.2
5 7 11.12
-1 3 1.32
-1 -2 0.7
-5 10 17.5
1 -9 10.32
3 -10 14.3
3 -9 11.93
-5 4 7.0
4 2 3.7
6 7 13.32
-3 10 14.3
1 4 2.2
-6 9 17.32
1 3 1.32
-3 -6 6.3
-6 -8 15.2
8 7 18.93
3 -5 4.92
5 -10 17.5
-5 6 9.5
-1 3 1.32
2 -2 1.3
7 -9 19.93
9 -5 19.32
-8 3 13.93
-4 9 13.32
7 8 17.8
-8 -2 13.3
7 -1 9.93
-2 -7 6.92
-9 6 20.7
4 9 13.32
10 -6 24.5
-7 -6 14.3
-1 -5 3.33
2 8 8.8
-4 -7 9.32
-8 -6 17.3
-4 3 4.33
10 -5 23.12
4 1 3.33
-9 2 16.7
3 -2 2.3
4 10 15.7
9 -6 20.7
4 1 3.33
8 8 20.8
8 10 25.3
-10 9 30.12
-9 -2 16.7
-5 10 17.5
1 -4 2.2
2 -6 5.3
4 0 3.2
-2 -4 2.8
-10 6 24.5
-7 8 17.8
-6 3 8.32
-10 -2 20.5
7 1 9.93
8 -2 13.3
