-0.11409779 -0.48715753 -0.42339330 0.01016077 0.40395187 0.35235847 -0.40006535 0.35535916 0.07022238 0.11926202 0.14931917 -0.31251995 -0.00664809 -0.32952433 -0.33061103 -0.23534851 -0.34106008 0.02716943 0.38852626 0.30365523 0.20104692 0.23206143 -0.35782179 0.43582039 -0.43620612
-0.43050658 -0.44961469 0.26318750 -0.48196008 -0.23144370 -0.23021462 -0.04299390 -0.47613329 -0.38437309 0.40620809 0.28629862 -0.37646857 0.48907424 -0.24100256 -0.37397833 0.39170720 0.20922605 -0.03454065 0.27284089 0.15051423 0.17141512 0.41573505 -0.05616053 0.15596559 -0.37536965
0.43030188 0.25979406 -0.34928131 0.16697082 0.32964289 -0.29132968 0.07266208 -0.45578972 -0.22877924 0.25280630 -0.33738161 -0.20904141 -0.10579946 -0.29393488 0.41555296 0.07300548 -0.12895134 -0.02535150 0.49369589 0.10265144 0.03791106 -0.07738901 -0.18678778 0.35416339 0.34803731
0.34927558 0.27664093 0.32779623 0.37649618 0.00752363 -0.41872493 0.25857327 0.35892246 -0.32738252 -0.13779308 -0.22312580 -0.13749395 0.07688234 -0.37116773 -0.39053973 0.15894357 -0.36231600 0.07445162 0.19558365 0.18184928 -0.04402287 -0.04594749 0.13160971 0.07648442 0.28233911
-0.45276332 0.18081576 0.15778800 0.24686882 0.21890316 0.41533179 -0.26375736 -0.42890650 -0.49919199 0.48279058 -0.02774742 0.31389479 0.25185176 0.32758560 0.24876890 -0.45692455 -0.07448164 -0.08130326 0.28148593 -0.11395375 -0.16574974 -0.04517812 -0.13354489 -0.16248391 0.28313182
0.43504713 -0.46972197 -0.41460514 0.04713243 0.32343266 -0.05052580 -0.05533644 0.12124039 -0.45773635 -0.02385009 -0.00017238 -0.24114926 -0.24003644 0.29091492 0.45754691 0.48953323 -0.01039336 -0.35098527 0.40653072 -0.24061591 -0.22733374 -0.11400353 -0.26341400 0.39014303 -0.27972786
0.48660088 0.27619876 0.36182966 -0.48526545 -0.34546618 0.10467786 0.31834472 0.46459984 -0.08203944 -0.34819240 0.33635981 -0.38747546 -0.28413120 0.38022398 -0.32985394 0.15591205 0.20662181 -0.15734796 0.39997223 -0.36287943 0.45031826 0.09561995 0.46525913 -0.09787326 -0.06969502
0.32147242 -0.01212318 -0.22734533 0.28752146 -0.28898703 0.21822336 -0.07258803 -0.07643017 -0.30745543 -0.35819857 -0.44148986 -0.05797081 0.30591243 -0.17412009 0.22226895 -0.13954441 -0.41454986 0.17950191 -0.35851457 -0.25678695 0.24326662 0.14867818 0.31064734 0.26254980 -0.26590542
0.30542349 0.42507689 0.41315090 -0.21604190 0.10016632 0.36012874 -0.19308458 0.19219298 0.46175044 0.28146300 0.39561449 -0.47108302 0.39277079 0.02554165 0.32699175 -0.06136914 -0.43771730 0.13995720 0.26882627 -0.06973223 -0.42821177 -0.16593729 -0.42899848 -0.24029011 0.43499547
-0.04710963 0.44268307 -0.33560077 0.19699097 -0.44082556 0.36333918 -0.10948371 0.22786234 -0.40730860 -0.03090343 -0.13471833 0.01795932 -0.12853808 -0.26277559 0.37844969 0.02122756 -0.48679225 0.29093363 -0.23186186 0.00615709 -0.38074634 -0.17851408 -0.33167179 0.26342053 0.40208960

