0.4882 0.3179 0.6261 0.146 0.3412 0.9358 0.8331 0.8312 0.2786 0.6828 0.4185 0.5282 0.1882 0.2892 0.5769 0.1719 0.3432 0.5059 0.3555 0.6186 0.2965 0.2156 0.1274 0.2217 0.4493 0.6959 0.3622 0.5076 0.8719 0.8511 0.7332 0.1748 0.8073
0.6425 0.2621 0.6371 0.7294 0.2372 0.5676 0.781 0.8868 0.1214 0.8361 0.3398 0.0572 0.4574 0.2454 0.4136 0.115 0.346 0.4987 0.0705 0.329 0.1613 0.415 0.1814 0.4722 0.3374 0.3547 0.5484 0.684 0.7064 0.374 0.1403 0.989 0.3052
0.6245 0.4225 0.4325 0.4554 0.3012 0.2677 0.7081 0.4551 0.2927 0.8071 0.4194 0.7419 0.7862 0.8721 0.4356 0.82 0.4778 0.8503 0.7712 0.1771 0.9941 0.421 0.1425 0.8154 0.1048 0.45 0.2102 0.3103 0.5537 0.5033 0.5904 0.7872 0.8557
0.113 0.2761 0.4223 0.1315 0.2403 0.0882 0.7957 0.7984 0.1241 0.1877 0.9855 0.3676 0.68 0.6605 0.9349 0.2138 0.2082 0.9967 0.1023 0.5956 0.8534 0.7625 0.6804 0.2993 0.1056 0.6519 0.3613 0.2261 0.9342 0.9584 0.4395 0.7786 0.7486
0.3351 0.6933 0.1311 0.4856 0.1677 0.0198 0.1294 0.8088 0.6223 0.1664 0.2745 0.7253 0.844 0.3185 0.2056 0.1995 0.9944 0.3119 0.9205 0.8198 0.0927 0.0697 0.4411 0.2987 0.1147 0.4199 0.2154 0.5911 0.6581 0.1428 0.9817 0.6435 0.1137
0.6832 0.0848 0.3857 0.9803 0.7751 0.0749 0.9679 0.1118 0.4204 0.2772 0.259 0.0856 0.2621 0.2004 0.8717 0.2451 0.2384 0.1296 0.9185 0.2688 0.1417 0.8772 0.265 0.8254 0.0746 0.9952 0.7783 0.5272 0.5025 0.5601 0.5665 0.6841 0.9944
0.1068 0.5915 0.7083 0.9597 0.5119 0.1858 0.5313 0.9062 0.458 0.855 0.797 0.7628 0.1382 0.7617 0.2721 0.1973 0.8332 0.2557 0.4624 0.3632 0.7638 0.4316 0.3518 0.9764 0.3402 0.9655 0.2192 0.9504 0.7968 0.8879 0.0514 0.7242 0.1305
0.095 0.1987 0.3436 0.3751 0.4627 0.379 0.3208 0.4181 0.9603 0.0953 0.3966 0.0759 0.7132 0.563 0.2042 0.7874 0.5572 0.7958 0.6834 0.1256 0.4586 0.8624 0.8659 0.0961 0.3018 0.984 0.5235 0.2423 0.3215 0.3107 0.7677 0.4572 0.3807
0.9327 0.6536 0.6405 0.4799 0.2547 0.8451 0.36 0.594 0.8445 0.8477 0.2193 0.6101 0.4378 0.8161 0.3741 0.0407 0.0351 0.7551 0.9887 0.7311 0.0777 0.3407 0.7996 0.4361 0.3106 0.5675 0.9226 0.7938 0.2747 0.5489 0.3036 0.9458 0.0742
0.8792 0.6846 0.0276 0.6148 0.2254 0.2667 0.5499 0.8197 0.2101 0.4869 0.4601 0.6399 0.2136 0.4891 0.5756 0.9695 0.7386 0.755 0.6758 0.7836 0.8054 0.2568 0.067 0.4098 0.6304 0.778 0.8039 0.874 0.7636 0.6207 0.1772 0.0603 0.3138
0.2685 0.2524 0.8904 0.5678 0.3844 0.7633 0.614 0.3086 0.0408 0.0883 0.7388 0.9573 0.9786 0.2721 0.4134 0.3468 0.1577 0.7103 0.2132 0.6154 0.3868 0.8382 0.4136 0.417 0.7618 0.6294 0.4215 0.0869 0.7586 0.4304 0.1772 0.2696 0.242
0.6177 0.4514 0.675 0.8383 0.8602 0.6728 0.1662 0.9394 0.8159 0.0223 0.0022 0.3476 0.8608 0.614 0.216 0.1188 0.5352 0.8985 0.2581 0.543 0.0785 0.7546 0.0856 0.0298 0.5945 0.9684 0.3291 0.4247 0.0268 0.795 0.6031 0.4012 0.3176
0.1248 0.1149 0.6729 0.2814 0.6245 0.8694 0.5647 0.5398 0.4863 0.0834 0.2391 0.7597 0.7231 0.6142 0.6928 0.6756 0.2809 0.48 0.3715 0.7138 0.2141 0.5122 0.3851 0.5409 0.6285 0.688 0.2377 0.748 0.5489 0.0874 0.3569 0.5973 0.3595
0.6529 0.1108 0.0761 0.0056 0.4202 0.366 0.8023 0.9238 0.5964 0.7976 0.1279 0.772 0.4298 0.8142 0.6823 0.1953 0.9624 0.874 0.7478 0.1848 0.2365 0.0291 0.7012 0.4671 0.5288 0.2486 0.3159 0.6738 0.1992 0.5363 0.0573 0.7284 0.9501
0.9786 0.8989 0.4909 0.1977 0.9082 0.3232 0.8676 0.8965 0.7982 0.3428 0.6411 0.6629 0.0577 0.3857 0.993 0.4602 0.2407 0.278 0.9651 0.8273 0.3009 0.8747 0.207 0.5148 0.4624 0.3025 0.4143 0.6998 0.9582 0.0019 0.4544 0.4577 0.5279
0.7275 0.526 0.8008 0.3106 0.7984 0.4528 0.3935 0.5415 0.2942 0.8804 0.4276 0.1964 0.3372 0.7193 0.7446 0.1361 0.4879 0.683 0.4077 0.6791 0.9229 0.0186 0.9292 0.7024 0.3175 0.3709 0.7024 0.7748 0.9426 0.1176 0.9304 0.6617 0.436
0.5138 0.6811 0.6806 0.8115 0.7833 0.2485 0.8421 0.4053 0.8986 0.6348 0.9277 0.8411 0.5442 0.8453 0.6834 0.3162 0.3467 0.4219 0.1372 0.6971 0.3359 0.3447 0.6364 0.0592 0.171 0.751 0.4978 0.4951 0.2961 0.6595 0.7683 0.3089 0.1184
0.1265 0.8573 0.9953 0.0115 0.9375 0.3995 0.1616 0.7284 0.1467 0.2427 0.9338 0.3966 0.4735 0.322 0.1072 0.2164 0.9031 0.7784 0.5654 0.8043 0.4793 0.7926 0.9279 0.618 0.607 0.8744 0.5619 0.9114 0.6557 0.1295 0.9151 0.5079 0.5317
0.6545 0.201 0.6943 0.9622 0.6426 0.9651 0.4039 0.7657 0.2915 0.1561 0.4491 0.6252 0.0493 0.4251 0.2199 0.8788 0.6582 0.2934 0.5212 0.6166 0.3901 0.0581 0.1387 0.9051 0.0564 0.7064 0.0289 0.8917 0.2775 0.4068 0.9322 0.214 0.6615
0.436 0.9168 0.8242 0.718 0.9048 0.6737 0.7622 0.6262 0.8188 0.7841 0.499 0.6241 0.7235 0.6539 0.8194 0.7364 0.6166 0.432 0.1707 0.144 0.2059 0.8376 0.882 0.7043 0.2796 0.1195 0.3986 0.8061 0.9909 0.1144 0.6772 0.033 0.6477
0.9351 0.7852 0.1168 0.0574 0.4973 0.4655 0.1808 0.4742 0.4712 0.3809 0.7795 0.3526 0.7307 0.9432 0.4312 0.7805 0.4124 0.5985 0.1695 0.2164 0.2938 0.5328 0.2311 0.2784 0.0275 0.331 0.4562 0.2926 0.0907 0.6677 0.1958 0.086 0.2338
0.0061 0.861 0.5122 0.5093 0.0813 0.5321 0.5967 0.0017 0.7896 0.3449 0.167 0.0624 0.0675 0.4881 0.7531 0.7481 0.3332 0.5817 0.6712 0.8972 0.1627 0.8025 0.0325 0.2163 0.3897 0.7168 0.1583 0.7642 0.4842 0.6063 0.2691 0.6754 0.4281
0.4872 0.7013 0.9245 0.7547 0.8835 0.6527 0.3018 0.4655 0.0685 0.0709 0.7068 0.2165 0.9261 0.7291 0.9586 0.942 0.4614 0.4553 0.396 0.4249 0.5317 0.203 0.5442 0.068 0.6838 0.9938 0.6567 0.5964 0.722 0.838 0.7276 0.6734 0.5707
0.5989 0.9794 0.9179 0.1669 0.0763 0.3462 0.7366 0.849 0.9522 0.4052 0.2989 0.8415 0.0374 0.3352 0.4746 0.738 0.8939 0.4701 0.4535 0.6308 0.5136 0.2693 0.324 0.4425 0.5879 0.1269 0.4477 0.1288 0.8046 0.4807 0.756 0.8307 0.8641
0.3074 0.4959 0.6135 0.1736 0.2927 0.5928 0.0718 0.4381 0.2385 0.4286 0.3534 0.0097 0.9987 0.7403 0.0548 0.5115 0.8042 0.534 0.638 0.5626 0.7199 0.1269 0.6428 0.8127 0.8723 0.835 0.2335 0.5667 0.4063 0.1839 0.6706 0.187 0.7905
0.8927 0.4553 0.6826 0.0368 0.9689 0.1622 0.4559 0.0705 0.7538 0.8239 0.5829 0.2964 0.5094 0.7474 0.6828 0.7809 0.8639 0.0183 1.0 0.0556 0.3961 0.6668 0.3643 0.3348 0.8687 0.3568 0.2675 0.3294 0.6017 0.4386 0.3698 0.8685 0.2542
0.9368 0.7199 0.5687 0.0321 0.2938 0.3021 0.8006 0.4782 0.6317 0.7465 0.9404 0.3565 0.8147 0.0429 0.6396 0.5285 0.348 0.7062 0.4705 0.7283 0.3621 0.3134 0.8677 0.6342 0.9437 0.0314 0.6738 0.8148 0.6526 0.9523 0.5512 0.3873 0.9538
0.3625 0.3917 0.5131 0.6568 0.2544 0.8192 0.5205 0.1563 0.3918 0.8895 0.4894 0.3599 0.6059 0.652 0.1126 0.0997 0.9354 0.0029 0.4652 0.9322 0.3403 0.89 0.7006 0.2806 0.5568 0.6284 0.8115 0.4986 0.996 0.2918 0.4715 0.4569 0.8035
0.5815 0.2077 0.0223 0.3348 0.0325 0.7003 0.7381 0.7248 0.8687 0.0766 0.2556 0.1121 0.1759 0.1433 0.3401 0.2637 0.677 0.8142 0.5506 0.5204 0.0838 0.8246 0.7059 0.0414 0.7998 0.7981 0.9815 0.7892 0.7731 0.2402 0.0119 0.2351 0.4275
0.8421 0.8997 0.0377 0.9735 0.4276 0.8577 0.8698 0.8669 0.7576 0.8615 0.981 0.8626 0.9974 0.4023 0.8101 0.9058 0.8575 0.0606 0.4937 0.9367 0.045 0.719 0.4973 0.2513 0.0341 0.5722 0.4765 0.4893 0.9304 0.5443 0.4667 0.452 0.1941
0.9469 0.6708 0.3706 0.6138 0.3829 0.2693 0.8591 0.428 0.8777 0.8896 0.7617 0.9152 0.701 0.9657 0.4787 0.1356 0.2258 0.3285 0.0959 0.0259 0.319 0.147 0.7615 0.877 0.8311 0.263 0.19 0.2518 0.3744 0.2774 0.5802 0.714 0.1825
0.5722 0.5864 0.665 0.659 0.3984 0.5294 0.4274 0.8507 0.1665 0.1928 0.59 0.754 0.0592 0.9043 0.5534 0.4917 0.6849 0.8727 0.4972 0.9306 0.4536 0.8096 0.7106 0.2366 0.0027 0.2963 0.3392 0.6811 0.3839 0.3039 0.7322 0.5384 0.0781
0.9917 0.3789 0.138 0.5328 0.9963 0.4309 0.9812 0.5 0.7743 0.183 0.4406 0.3024 0.944 0.193 0.0373 0.484 0.7325 0.3879 0.7239 0.2368 0.1025 0.8122 0.1755 0.4784 0.8166 0.0405 0.4312 0.6744 0.1964 0.45 0.8724 0.1984 0.8201

0.0082 0.304 0.8414 0.3395 0.6536 0.1138 0.7455 0.4345 0.7908 0.0833 0.3889 0.9298 0.0952 0.9803 0.921 0.648 0.0809 0.6542 0.6745 0.2016 0.4096 0.7242 0.7497 0.4725 0.1383 0.5016 0.611 0.8444 0.5245 0.3194 0.2759 0.7699 0.6062
0.471 0.3499 0.1549 0.6288 0.4144 0.76 0.4679 0.5094 0.2066 0.5691 0.9614 0.9724 0.0849 0.413 0.0182 0.5326 0.9811 0.0227 0.4716 0.379 0.1193 0.0151 0.0318 0.2567 0.7664 0.1853 0.3664 0.2554 0.0429 0.6148 0.7497 0.7092 0.5243
0.5196 0.5573 0.0831 0.0327 0.2662 0.8267 0.7587 0.5051 0.9036 0.0159 0.1225 0.384 0.3107 0.2536 0.5449 0.6999 0.5337 0.0058 0.7081 0.7304 0.9506 0.0772 0.3907 0.2211 0.1896 0.5096 0.1257 0.851 0.9331 0.6668 0.6091 0.3981 0.2539
0.9756 0.7999 0.9091 0.1565 0.397 0.335 0.1521 0.7423 0.855 0.3352 0.1189 0.2734 0.9134 0.5282 0.2118 0.9254 0.3706 0.2541 0.2112 0.5283 0.3908 0.2001 0.277 0.6529 0.548 0.5359 0.8429 0.7567 0.6368 0.3861 0.9795 0.826 0.1103
0.0358 0.4194 0.2245 0.1548 0.7431 0.5787 0.7402 0.9305 0.8731 0.0894 0.8248 0.2475 0.7556 0.3241 0.6217 0.2663 0.6133 0.9029 0.3854 0.0003 0.9734 0.7007 0.0152 0.7672 0.4233 0.9403 0.7108 0.9152 0.1542 0.8549 0.0581 0.397 0.5882
0.1238 0.7157 0.2156 0.2072 0.4828 0.6764 0.7488 0.1516 0.4867 0.5017 0.4431 0.8926 0.0326 0.9868 0.4812 0.8998 0.3329 0.5083 0.7897 0.6651 0.8648 0.9174 0.005 0.1436 0.9353 0.3369 0.6021 0.4473 0.6205 0.3826 0.3768 0.7447 0.2233
0.3656 0.9924 0.2698 0.0597 0.0453 0.0459 0.408 0.699 0.1323 0.6468 0.0636 0.8452 0.6 0.662 0.8507 0.459 0.0585 0.8716 0.6521 0.8777 0.118 0.055 0.0255 0.9248 0.6668 0.5152 0.4802 0.1054 0.0049 0.1995 0.3519 0.6919 0.9256
0.2645 0.6581 0.0428 0.3224 0.5342 0.4624 0.4563 0.6174 0.3349 0.8173 0.7602 0.7222 0.3187 0.3535 0.07 0.1925 0.0927 0.0949 0.7427 0.2204 0.7989 0.3732 0.6296 0.7263 0.1322 0.0227 0.8814 0.9668 0.0298 0.9046 0.2793 0.2234 0.9289
0.9652 0.2282 0.1858 0.9346 0.5359 0.6546 0.3223 0.8876 0.8868 0.4908 0.6277 0.2389 0.8171 0.2348 0.5687 0.4265 0.9927 0.0689 0.8403 0.5343 0.6897 0.358 0.4169 0.7841 0.1608 0.5844 0.594 0.2542 0.6193 0.369 0.2105 0.7449 0.3192
0.4076 0.5522 0.1505 0.6539 0.0303 0.4128 0.3113 0.5207 0.5819 0.8907 0.4006 0.0271 0.7846 0.0283 0.364 0.893 0.9991 0.3219 0.4197 0.1996 0.7086 0.3879 0.1237 0.9041 0.7063 0.7645 0.8998 0.462 0.0432 0.7492 0.3332 0.2725 0.0339

0.0715 0.2644 0.9711 0.8757 0.9086 0.4561 0.7886 0.0744 0.2354 0.2649

