-0.11156428 -0.48653959 -0.42108301 0.01774344 0.41148307 0.35251262 -0.39895253 0.35481428 0.07265255 0.12171066 0.14790799 -0.31292218 -0.00454319 -0.32686192 -0.32805527 -0.23269575 -0.34172008 0.02765263 0.39184288 0.30295337 0.20097839 0.22827048 -0.36007208 0.43153364 -0.44055907
-0.42990478 -0.44778449 0.26476907 -0.48103348 -0.23050240 -0.22803157 -0.04205748 -0.47478566 -0.38359031 0.40595827 0.28775215 -0.37737451 0.48642263 -0.24062675 -0.37678736 0.39068400 0.20713208 -0.03628070 0.27341226 0.14902777 0.17372839 0.41678332 -0.05437207 0.15734937 -0.37809323
0.43164873 0.26390298 -0.34439722 0.16881831 0.32583113 -0.28805735 0.07771077 -0.44998261 -0.22617152 0.24973419 -0.33888655 -0.20813734 -0.10275106 -0.29303916 0.41255469 0.07007645 -0.12975463 -0.02515721 0.49529287 0.10209804 0.03983549 -0.07178724 -0.18148922 0.36133981 0.35230089
0.34828408 0.28053500 0.33183844 0.37943132 0.01126813 -0.41857236 0.26576434 0.36716421 -0.32193751 -0.13142817 -0.22228963 -0.13591019 0.07918060 -0.36968679 -0.39042924 0.16274621 -0.36062000 0.07464445 0.19716170 0.17768800 -0.04265775 -0.04781485 0.12799354 0.07147628 0.27458683
-0.45004142 0.18211443 0.15864860 0.24515393 0.21939060 0.41941293 -0.26143531 -0.42868999 -0.49749132 0.48432479 -0.02718022 0.31371259 0.24917376 0.32855896 0.25247652 -0.45550034 -0.07404973 -0.08234239 0.28427978 -0.10674357 -0.16615936 -0.04589467 -0.13406730 -0.16093914 0.28810007
0.44055680 -0.46616031 -0.41278230 0.04892860 0.31878391 -0.05144765 -0.05652149 0.11804500 -0.45856403 -0.02702661 -0.00597985 -0.24634543 -0.24573737 0.28649462 0.45136334 0.49011684 -0.01279443 -0.35379773 0.40356659 -0.24449466 -0.21907316 -0.10971178 -0.26211483 0.39167884 -0.27850219
0.48075468 0.27221534 0.36109950 -0.48645844 -0.34108116 0.10358018 0.32035231 0.46640297 -0.08356931 -0.34393490 0.33751198 -0.38073738 -0.28185032 0.37644844 -0.32687196 0.15657527 0.20936894 -0.15735592 0.39569443 -0.36444508 0.45126015 0.09649613 0.46336522 -0.10133452 -0.07289972
0.32072152 -0.01770643 -0.23219086 0.28382009 -0.28992124 0.21555317 -0.07721096 -0.08052433 -0.31382994 -0.36164213 -0.44601464 -0.06245119 0.30280595 -0.18009482 0.21712062 -0.13851312 -0.41424186 0.17973222 -0.35909557 -0.25784815 0.24621815 0.15231179 0.31461813 0.26633933 -0.26205846
0.30537964 0.42906005 0.41795525 -0.21371240 0.09818837 0.36218902 -0.19225934 0.19379049 0.46368783 0.28098116 0.40031689 -0.46960696 0.39660604 0.02829864 0.32722648 -0.05715223 -0.43655860 0.14239907 0.26865863 -0.06843985 -0.42653070 -0.16664373 -0.43153419 -0.24057257 0.43726761
-0.05505996 0.43919581 -0.33600321 0.19477557 -0.44621800 0.35499275 -0.10842234 0.23289946 -0.40656194 -0.03181866 -0.13814174 0.02072648 -0.12315975 -0.25997421 0.37840293 0.02073544 -0.48522892 0.29482285 -0.23118213 0.00463238 -0.38073956 -0.17962282 -0.33272795 0.25959066 0.39981010

