0.75334891 -0.44956180 -1.49357802 0.76551009 -0.39921831 0.02401864 -1.19348482 -0.74830557 -0.70465378 0.09388763 -0.24386986 1.68217278 0.70333916 -0.62556281 0.85702731 -0.53729777 -0.26787370 -0.74020664 0.77475568 0.94946005 0.67928352 -0.64858552 0.45715221 -0.22198054 -0.36066024 0.44114509 -0.71623164 0.96230223 -0.05103257 -0.31383032 -0.44779367 -0.69706872 -0.46302475 1.13134862 0.27559320 -1.14046926 -0.46562584 1.24049846 0.55423275 -0.27300203 -0.79555763 0.74790961 -1.54788596 -0.93522959 0.12008807 -1.12208345 0.94983237 -1.10564414 -0.57373538 -0.03858798 0.00190581
0.07218026 -0.35439549 0.35187243 0.77341406 0.34167777 -0.93260690 0.41566363 1.41296603 -1.05712819 0.22135811 -0.58953148 0.67483768 -0.56384812 0.43368014 -0.28597264 0.04731025 0.60907968 -0.14634584 -0.15987321 -0.52112485 -0.16306814 -0.06368920 -0.72059144 0.35656316 0.41297702 -0.24989946 0.30645767 1.16637185 0.17614005 0.81880141 1.29200818 1.42695458 0.11309791 -0.59028604 -1.48977716 0.43412976 1.47795440 -0.82676639 1.67881526 0.06317443 -0.88410888 0.37830893 0.22612496 0.21904582 1.10418778 -0.77050359 -0.05822309 0.78805159 0.66962955 0.86023402 -1.15854690
-0.21233476 0.45385646 -0.12294074 -0.70005055 -0.85137371 -0.58528442 0.02648483 -0.77822411 0.77802377 0.56221256 0.41230979 1.15089180 0.83357704 0.06000092 0.21887406 -0.40735116 0.90347017 1.08702036 -1.76809631 -0.11210825 -0.25128007 -1.23862732 1.05931075 0.48687057 -0.70943318 0.13568942 0.72320016 0.75447617 -1.05857891 -0.59083734 0.73837320 -0.86111927 0.91462805 -0.28396979 -1.25411664 -0.34236414 -0.39647744 -1.16429182 0.08573559 0.20558926 0.71003322 -0.28026350 -0.63573240 1.00579662 -0.98563049 -0.76157948 -0.29627607 -1.13409884 1.26282910 -0.46595869 -0.00483760
0.09739420 0.70703581 0.01094175 -0.91677763 -1.63808197 -0.39130194 -0.28128545 0.72576229 0.63435608 -0.19648362 1.13850537 -0.43703777 -0.02496485 0.24062459 -1.65393744 -0.70148498 -2.29928168 -0.31428660 0.61040122 0.74329142 -0.26708411 -0.07326343 -1.06402640 0.57767315 -0.21688098 0.80076756 1.02502780 -0.62541563 0.62081678 -1.16441749 -1.12667447 -0.49953576 -0.73228798 0.95981709 1.05668342 0.72722652 0.07245740 -0.99701707 -0.95846816 0.56851977 0.38920444 0.62305795 -0.23837171 -0.30145499 0.08062198 0.66782233 -0.23033369 -0.36770610 -0.67472166 -0.38245477 -0.63049633
-1.22437979 0.45998265 0.44308673 0.01905901 -1.12630962 0.61106539 -0.54143751 0.92732079 0.83508588 -0.71553485 -1.12660410 -1.28372685 0.95929304 1.30100183 0.98376424 0.35833515 2.00770996 0.38297661 0.38635718 0.32152459 0.14919434 0.15955174 0.12029635 -0.40037310 0.45543545 0.00335428 -0.12630978 -1.85363667 -0.19483538 -0.01946275 -0.79317436 -0.69659031 0.49631874 0.90209002 -0.79257000 -0.59852864 -0.59420609 0.67001370 -0.21971921 -0.38265131 -0.71375367 -1.09215769 0.86436909 0.26637861 0.58234922 0.84479036 0.32146847 2.16893623 -0.72194072 0.54195014 -0.04904547
-0.59939391 0.69077132 0.35842007 -0.82453128 -0.94780758 0.50926178 0.48094500 -1.10164549 0.68249127 -0.09292902 0.75523802 -1.61471873 -0.52083108 0.00449034 -0.12729627 0.11829310 -1.70583094 0.27794162 -0.15553363 0.14568217 1.00339775 -0.97092074 -0.77038817 -0.52032509 -0.58435776 -0.21024299 -1.58708577 1.59185659 0.86769159 -0.02468087 -0.87730619 -0.80835120 0.21441586 -0.02814321 -0.93060502 0.41778422 -0.39102583 1.84282877 -0.69842713 -0.23969365 -0.01002380 -0.31643981 -0.37916685 -2.13758044 0.72146681 1.48192998 -0.16205614 0.80197813 -1.07607680 0.12115521 0.65912489
-0.39182628 -0.09132838 0.24022738 -0.32453745 1.56843180 0.30339015 0.93184999 -0.18775088 0.63728252 -0.97953561 0.62972016 0.65016204 0.22531031 -0.22688098 1.48610364 0.56067721 0.63778722 -0.03047656 0.69566392 -1.65572889 0.05488363 0.05750896 0.24122053 -0.36404164 0.74930544 0.12085045 -0.13087726 -0.65675735 0.20337061 0.81578540 -0.00176275 -0.62839367 0.86439759 -1.21081250 -0.77151475 0.33029225 -0.28259778 -0.88219494 -0.84796043 0.71921501 -1.45995570 -0.27428221 -0.73512352 0.17431004 0.57617603 0.29781396 -0.20100709 0.00689109 -2.21289124 0.87216992 0.58106221
-0.23528922 -0.72810395 1.73941511 0.21357521 0.01801526 -0.06150712 -0.42868158 0.41946538 -0.68394050 -0.84371738 -1.93217590 0.32819648 -0.60993017 -0.69439379 -1.11781162 0.92147708 0.11693610 0.35399616 -0.05437468 0.12568255 1.11521529 0.42238198 2.31547647 -0.62174264 -0.10521933 1.02260043 -1.35109354 0.54292502 0.85009853 -0.85403391 0.69353312 0.42146271 -0.68883455 0.30646631 1.48388626 -0.99536515 -0.50868191 -0.27334553 -0.62860967 -0.63163769 -0.79143571 0.49310478 1.16622613 0.13622938 0.98861063 -0.16202571 1.06764023 -1.12817515 0.61860431 0.41271726 0.06877785
-0.27936373 0.47196038 0.03580382 -0.46412029 0.94327102 0.59296581 -0.48310435 -0.79900108 -1.38654950 0.93589774 0.92447829 -0.69612533 -0.04578951 -0.97410729 0.42507207 -1.08445455 -1.35075025 0.62264109 -1.04806924 -0.50136261 -0.63445419 1.33710435 -0.94623227 -0.35614074 0.71149402 -0.47141593 -0.78495028 0.58471432 -1.30882886 0.05480885 0.92299840 -0.06516129 0.71436033 0.29926595 -0.16965727 0.89268199 -0.35266772 -0.02892390 -0.75652629 -0.10200912 -1.10475957 0.64199593 1.53974853 -0.41753745 -0.88074314 0.86783449 -0.50107714 -0.34431516 0.51813507 0.55926263 -0.36946512
0.00208344 -0.55267673 1.15651974 0.19850908 -0.68295049 0.52294190 0.24513526 -0.41217964 1.24533575 -0.29972551 -0.83291773 -1.10856103 0.18217465 0.15617103 -0.73743321 0.94737296 1.44685923 0.08139320 0.91871429 -0.31415788 -0.91838643 -0.37239302 -0.19994686 -0.04733728 -0.72050019 -1.17004655 -0.35444555 -0.21611564 1.34919865 0.84522021 0.55295131 0.42053793 -0.73249463 0.77137501 1.85912886 0.03045093 -0.24918754 0.31742928 0.39129788 0.18891490 0.71402545 0.00375892 -0.32714028 0.45825056 0.23740525 -0.26616853 -0.84331211 -0.43563052 1.23677496 0.90643500 -0.86089580

