0.17066519 -0.27952959 0.19901212 0.59341216 0.41169920 -0.13490693 0.36849780 0.33261467 0.25299323 0.69887301 -0.46328436 -0.10898386 -0.02477065 0.09552634 0.62185768 -0.05713748 -0.31139936 -0.08530157 0.47051964 0.18893512 0.02958925 0.53001652 0.47723919 0.19325859 0.69189535
-0.42241697 -0.37241666 -0.08381279 -0.46902606 0.37202919 0.06522055 -0.45930606 0.04229055 -0.05097516 -0.21597580 0.27495219 -0.22256576 0.18771952 -0.28719952 0.14318149 -0.20561812 0.47071700 0.17615363 0.45001851 -0.25632818 -0.04677235 0.14629832 -0.09921440 0.38534802 0.41718297
0.35380104 -0.04926156 0.00499438 -0.38141767 0.26600726 -0.33532615 0.39668883 -0.16525550 0.43737118 0.01743543 0.56910992 -0.22076838 0.31587475 -0.27208391 -0.15929745 -0.36865035 -0.04707001 0.21256080 0.42567406 0.42762394 0.07166052 -0.01834298 0.28971276 0.23893988 0.39262792
-0.02518410 -0.06567397 -0.41707538 -0.01737011 -0.23142176 0.05046772 -0.10291351 -0.07007840 0.19448353 -0.03003496 -0.39087078 0.18091058 -0.11987659 0.14323801 0.16147865 0.45044181 0.26475222 0.49663865 0.34798146 0.21966429 0.48968036 -0.38527813 0.48730760 0.39628376 0.49050815
-0.07911627 -0.18350040 0.30203055 -0.24129508 -0.34478386 0.30511965 0.28192687 0.33320447 -0.04027286 -0.29283380 -0.03626739 -0.20863383 0.26959616 0.30940066 -0.08269443 -0.16427436 0.11659974 0.11099125 0.40582166 -0.14522607 -0.31459084 -0.37364050 0.30666908 -0.21643434 0.20605630
-0.39425604 -0.01962151 -0.46199387 0.32431445 0.29709719 0.00173420 -0.30817891 -0.00856269 0.02418012 -0.35045538 -0.21531313 -0.20419932 0.38778943 -0.31351332 -0.08186435 -0.17068781 0.05079439 -0.13910980 0.44262327 0.31859002 -0.42838377 -0.17884245 0.10924176 -0.14893035 -0.38233100
0.44318345 0.29578817 0.28960305 -0.01800115 -0.12493324 0.16646268 -0.37945695 -0.25875981 0.34579778 -0.11303521 -0.02027597 -0.02963248 0.00202582 -0.48960843 0.15960508 0.21613384 -0.25643277 -0.40998706 0.03714729 -0.21952587 -0.02569279 -0.33780579 -0.03189287 0.17078111 -0.29420322
0.09826023 0.18011661 -0.03735259 -0.37871539 0.32174519 -0.14450455 -0.42683603 0.21482101 -0.00484434 -0.44483465 0.30169280 0.16236678 -0.33639716 0.20254243 -0.27117680 0.10468001 -0.23880727 -0.02678355 0.12903461 -0.12487610 0.48723550 -0.12408548 0.52013311 0.35305570 -0.00866050
0.48016457 0.02394142 0.47283092 0.26415401 -0.11897036 -0.17681782 -0.34525817 -0.25246398 0.48872492 0.14287236 0.00517444 -0.32962506 -0.32039074 -0.16935888 -0.19788096 -0.31551618 -0.20026451 0.25799412 -0.10721339 0.13015162 0.40914491 0.33105105 -0.34462057 0.07063653 0.06329146
0.05559770 0.25290794 0.48006763 -0.44793417 -0.38534667 0.23646762 -0.29969034 -0.44191545 -0.31036115 -0.17628308 0.06491376 -0.40669537 -0.12117839 0.17197433 0.08675607 -0.14386588 -0.27885665 0.32812688 0.10465729 0.35749624 -0.34557445 0.37793751 -0.09630103 0.46252216 0.03845407
0.51373733 -0.10663759 -0.07326508 -0.31186644 -0.43318859 0.23349346 -0.01601159 0.31217703 -0.15228370 0.35170155 -0.32520670 0.24311989 -0.30501848 0.12297661 -0.49187868 -0.13887567 -0.36911652 -0.07216229 0.40249083 0.10311436 0.30313268 0.32948381 0.48440674 -0.20487466 0.28185630
-0.40323160 0.26341099 -0.33890129 -0.11858768 -0.31944309 -0.00788684 0.29794153 -0.35137650 0.01834436 0.06696084 0.06692726 0.05282391 -0.03135829 0.41876064 0.16106872 0.24290759 0.02115040 -0.06507059 -0.20057093 0.21515081 -0.03104685 0.47716108 -0.38349356 0.31759116 0.25664828
-0.26177905 0.02270893 0.13470474 0.25338013 0.16166648 0.30800411 -0.29384102 0.05584827 -0.21019307 0.16833456 -0.32464923 -0.26174278 0.26641755 -0.15893756 -0.48176040 -0.14582548 -0.35800975 0.37060082 -0.02357604 -0.42000633 -0.11415568 0.13966592 0.45659811 -0.18886724 -0.31694389
0.29976370 0.41719190 0.10305189 0.19383401 0.28612072 0.36570932 -0.02774550 0.11093479 -0.16091512 -0.25052660 0.49813820 0.04213714 0.34874399 -0.26971614 0.27334083 -0.22317859 0.12974045 -0.43519949 0.12663932 0.08341796 -0.17048429 0.39159306 0.24910417 -0.00218891 0.08544732
-0.29354894 0.01911400 -0.15905471 -0.32509784 -0.04978531 0.46580220 -0.41112551 0.33410389 0.49228374 -0.22884953 0.14890597 0.46212521 -0.37934870 -0.36327409 -0.41351816 -0.38137348 0.28577776 -0.41579329 0.05306542 0.39544036 -0.17067606 0.10407993 0.16798797 0.38035131 0.42619187
0.07908663 0.37050650 0.18257700 0.13668912 -0.35305472 -0.45469570 0.46840547 -0.39195307 -0.36981802 -0.48491395 -0.18403257 -0.39842646 -0.47268684 -0.10134819 -0.13679830 0.47846892 0.32560047 0.20270636 -0.11548535 0.11995668 0.49556300 -0.40226875 0.41270297 0.17305917 -0.08584250

