-0.11453107 -0.48733375 -0.42196514 0.01301626 0.40732780 0.35251026 -0.39903246 0.35505569 0.07057316 0.11958200 0.14913028 -0.31206967 -0.00648811 -0.32891712 -0.33002861 -0.23376920 -0.34061585 0.02715293 0.39031150 0.30350400 0.20142378 0.23118698 -0.35850011 0.43434847 -0.43722577
-0.43018762 -0.44778525 0.26486068 -0.48087166 -0.23056881 -0.22913998 -0.04135432 -0.47425161 -0.38357176 0.40641913 0.28752566 -0.37593992 0.48836209 -0.24079920 -0.37530381 0.39219096 0.20932546 -0.03439621 0.27346652 0.14925911 0.17344863 0.41772762 -0.05350599 0.15681818 -0.37814028
0.42885102 0.25973422 -0.34906966 0.16771086 0.32721655 -0.29133424 0.07341420 -0.45403332 -0.22747240 0.25120172 -0.33991401 -0.20976149 -0.10589693 -0.29451220 0.41381637 0.07021682 -0.13073408 -0.02617713 0.49367664 0.10250559 0.03756847 -0.07691443 -0.18684637 0.35585100 0.34806666
0.34953138 0.27783581 0.32918093 0.37737622 0.00911190 -0.41866452 0.26146229 0.36218649 -0.32428134 -0.13504969 -0.22249619 -0.13614997 0.07877455 -0.36883504 -0.38938516 0.16103171 -0.36184075 0.07520105 0.19662415 0.18061761 -0.04306063 -0.04504320 0.13121334 0.07460355 0.27872979
-0.45191783 0.18097662 0.15839354 0.24811092 0.22008865 0.41555749 -0.26399936 -0.42895660 -0.49824348 0.48338387 -0.02855017 0.31297648 0.25122363 0.32823317 0.24968334 -0.45660532 -0.07334780 -0.08019536 0.28327401 -0.11009968 -0.16592564 -0.04425558 -0.13284084 -0.16090391 0.28662529
0.43728491 -0.46711562 -0.41444787 0.04770248 0.32277526 -0.05108179 -0.05534882 0.11974730 -0.45866843 -0.02423375 -0.00270066 -0.24287823 -0.24141524 0.28862449 0.45442354 0.49066965 -0.01010188 -0.35025922 0.40580621 -0.24208432 -0.22291029 -0.11215932 -0.26267793 0.39047609 -0.27896587
0.48422386 0.27416801 0.36084468 -0.48656340 -0.34568184 0.10527924 0.31911248 0.46570115 -0.08270948 -0.34736149 0.33874480 -0.38369927 -0.28251184 0.37850627 -0.32933138 0.15726107 0.20838726 -0.15736087 0.39761442 -0.36447801 0.45053615 0.09507833 0.46349195 -0.09957960 -0.07092625
0.32239887 -0.01268241 -0.22740291 0.28742466 -0.28892277 0.21801828 -0.07335965 -0.07712552 -0.30994419 -0.35934355 -0.44340614 -0.05982445 0.30467375 -0.17587209 0.22077933 -0.13969259 -0.41403912 0.18058229 -0.35722587 -0.25695102 0.24494278 0.15134405 0.31359949 0.26415068 -0.26480171
0.30406139 0.42422002 0.41381660 -0.21480452 0.09990224 0.36041328 -0.19401695 0.19165260 0.46196989 0.28171988 0.39537458 -0.47184897 0.39268704 0.02540920 0.32790252 -0.06281912 -0.43877031 0.13993720 0.26794135 -0.06836841 -0.42906695 -0.16668559 -0.42982637 -0.24032875 0.43670587
-0.04963311 0.44237489 -0.33526727 0.19711318 -0.44298080 0.36039445 -0.10863724 0.22995587 -0.40634859 -0.03153459 -0.13510936 0.01933014 -0.12596328 -0.26130524 0.37773750 0.02105703 -0.48661185 0.29211757 -0.23165526 0.00368196 -0.38106482 -0.18024296 -0.33301126 0.26104190 0.39920555

