-0.06514474 0.61704989 1.49248157 -0.46387651 1.11077494 1.93519409 -0.37505261 0.83687265 2.06073196
0.48462721 -0.04731770 0.23661156 0.27653919 -0.22493124 -0.52744314 0.74873549 0.22171871 -0.50335292
1.42270480 0.74553457 0.07171611 0.67926292 0.22268583 0.13740703 0.70370730 0.91537322 0.52044609
0.01412652 0.34727044 0.48168750 -0.28654207 0.26461746 -0.04732822 -0.20955303 0.51885783 0.09282577
-0.36769131 -0.36240481 0.22885460 0.35662924 -0.15244295 0.03421733 -0.01532281 -0.21987621 -0.35296033
-0.54169079 0.01348779 0.03340239 -0.09580907 0.17804812 0.22748370 -0.25385766 -0.38355530 -0.32940953
-0.31913924 -0.39374151 -0.48286330 -0.35050733 0.01708720 -0.13368957 -0.01462819 0.02992246 0.17623111
-0.31036188 -0.01660157 -0.54784938 -0.61676883 -0.03698691 -0.35692474 -0.50557828 0.10656414 -0.43482414
-0.34263977 0.26534821 0.17654241 -0.55515128 0.03887053 -0.30349491 -0.13810406 -0.10320937 -0.66612410
0.11105623 0.48004709 0.39603028 0.37376841 0.38552362 -0.45018216 -0.17667101 -0.33558103 -0.01771411
0.27858335 0.43754685 -0.43636244 -0.02307571 -0.13925089 0.46619485 -0.29224474 0.38895978 -0.20332997
-0.29572280 0.42693214 0.22950302 0.02087390 -0.28900381 -0.28013934 0.26059927 -0.37896473 -0.42694968
-0.02422012 -0.41158413 0.42560567 0.11951679 -0.25966045 -0.10694514 0.48801743 0.15982138 -0.25788035
0.03391267 0.13886382 0.08226046 0.10922737 0.43319958 0.19522768 0.44551688 -0.00350444 0.34027746
-0.40256341 -0.41602785 0.47521140 -0.27022789 0.17583643 0.23180789 0.08695479 -0.01522794 0.11750329
-0.11972126 -0.26321255 0.38925462 0.55155305 -0.45025080 -0.17394119 -0.14943742 -0.10491113 0.24370807
0.04534183 -0.47254807 0.29197066 0.20133110 0.02146536 -0.35631383 0.36605389 -0.38716544 0.51329827
-0.04095302 0.23956448 -0.28615763 0.50927268 0.35486033 0.43966250 -0.06715782 -0.02815551 0.61266597
0.32669619 0.12707267 0.02549594 0.52795635 -0.40291124 -0.25351025 -0.30428089 -0.34292738 0.46053728
0.38899829 -0.10963075 0.18104810 0.64337889 -0.15527369 0.26715479 0.32968332 -0.09439972 -0.00644786
-0.14841946 -0.16227458 0.24834289 0.61692694 -0.10760269 0.20220476 -0.45033422 -0.13137542 0.23405980
0.47064038 0.49694267 -0.15702368 0.28296404 -0.42735448 0.19902817 -0.42249255 -0.43589555 -0.40621576
0.25570800 0.26319301 0.36830897 -0.21586902 0.47300391 -0.16523889 0.12902281 0.20554439 0.23345038
-0.25964470 -0.22428378 0.03076741 0.28824449 0.05423711 0.32522571 0.46086200 0.44424960 0.51448389
0.51650752 0.45476952 0.09759016 0.16861070 0.10481211 0.41477579 0.12904490 -0.17954018 0.09485727
-0.48174193 0.43993664 0.06245721 0.40529053 0.15709042 -0.55359198 -0.54941358 0.25571107 -0.50449468
0.04546514 -0.22105571 -0.47638373 0.25678030 0.19386218 0.05826261 -0.03599856 -0.34564977 -0.46063382
0.22991226 0.05466625 0.52530801 0.25097909 -0.00908800 0.65511644 0.25120839 -0.17989723 0.53503941
-0.17991208 0.52173544 -0.26355562 0.46820855 -0.15471706 0.71330899 -0.17517812 0.13028755 -0.27500058
0.25121094 -0.27338143 -0.34007732 0.39840002 0.28335610 0.02010174 -0.21428531 0.12033903 0.45537424
-0.40192400 -0.18297592 0.48220351 0.14918816 0.50175097 0.14449152 0.14323360 -0.23943777 -0.03682030
0.54003760 0.17386191 0.65710503 0.52599088 -0.36312388 0.14814575 0.56679476 0.52399425 0.00721965

