0.81872620 -0.40301388 -1.36234652 0.75929405 0.10216980 0.13754717 -1.44539018 -0.87269641 -0.82165783 0.14395509 -0.46652248 2.28945389 0.57131010 -1.25014331 1.23332444 -0.12144575 -0.06881671 -0.67481339 0.76763133 1.19498630 1.02659557 -0.48005636 0.34721079 -0.15583507 -0.35753040 0.35585876 -0.93079389 1.16388936 -0.40098400 -0.35604892 -0.54612421 -0.90261324 -0.42504092 1.45938464 -0.02486899 -1.19358290 -0.47918012 1.38826677 0.90802480 0.08904981 -0.98443033 0.81989719 -2.18484512 -1.53005513 0.14960375 -1.34021445 1.01390024 -0.73018163 -0.50567914 0.30047417 0.09835179
0.01634261 -0.53615879 0.16939654 0.82633116 0.46466846 -1.33402634 0.58220669 2.19716548 -1.55201693 0.49682417 -0.63610704 0.93806630 -0.75484239 0.66424560 -0.58436268 0.09961315 1.03557862 -0.20278944 -0.48866210 -0.71042792 -0.17304701 -0.02801203 -0.66233339 0.30107504 0.41037745 -0.42595312 0.38512074 1.17036478 0.23688948 0.85974057 1.43174027 1.53092769 0.20474581 -0.82125843 -1.99042151 0.49780957 1.67392666 -0.86757673 1.82568678 0.04425212 -1.08520208 0.32634631 0.09344485 0.09271000 1.67634398 -1.05674286 -0.18871684 1.04960983 1.04658515 1.19505637 -1.50578902
-0.11197385 0.48354512 -0.38951479 -0.52232427 -1.81054030 -1.03381666 0.04686005 -0.92673108 0.89799168 0.46138273 0.97631540 1.17198350 1.18880673 -0.29325865 0.70448127 -0.65383268 1.12520517 1.18714005 -2.45675844 -0.52182704 -0.54888363 -1.45513096 1.72431601 0.69311943 -0.71806485 0.26443500 1.29546237 0.89107480 -1.43035150 -0.78166701 0.80898801 -1.26679860 1.22973516 -0.61396773 -1.56449792 -0.51671923 -0.19833483 -1.70318252 -0.12909193 0.30100587 1.49944119 -0.15113387 -0.57364333 1.87010976 -0.92714202 -1.39193552 -0.16426306 -1.60988555 1.81388691 -0.66274321 -0.00305813
0.11231747 0.95941505 -0.29264789 -1.15029398 -1.79047481 -1.00567270 -0.10309435 1.12615897 1.11579773 -0.16492004 1.43658466 -0.30786211 -0.28419405 -0.07927939 -2.46838480 -0.84285286 -2.82477559 -0.29939391 0.86252199 1.50169947 -0.42862727 0.20942599 -1.71375780 0.70854056 -0.25706903 1.05255558 1.79685737 -1.11280322 1.01716928 -1.72153682 -1.24337203 -0.61854847 -0.71861257 1.41470172 1.53561572 1.44528320 0.18400501 -2.01864756 -1.03300026 0.79659399 0.79448787 0.65124203 -0.47745211 -0.16856248 0.19721392 1.04447236 -0.16313148 -0.80244089 -0.93065841 -0.33544461 -0.80158614
-1.22400004 0.69971918 0.03386666 0.04656399 -1.80797169 0.75985018 -1.14359637 1.30778234 1.49621834 -0.78376129 -1.86674907 -1.78725112 1.42682517 1.83089483 1.01864748 0.27100348 2.91983093 0.38353931 0.72810693 0.97676328 0.40166414 0.45795377 0.03442862 -0.39993395 0.46378270 0.28828578 0.03222307 -2.38358107 -0.00101928 0.19037599 -1.07911643 -0.65937312 0.77452858 1.16166883 -1.24389537 -1.14060581 -0.49518331 1.25585773 -0.12021689 -0.72874806 -1.24968777 -1.21812044 1.16493799 0.34767990 0.42890018 0.97733225 0.34612921 2.98481477 -1.43447198 0.41477792 -0.06447253
-0.55956495 0.92233870 0.52621128 -0.81606210 -1.20801890 0.64159498 1.01321295 -1.39123374 1.12214553 -0.04004633 0.89399981 -1.92226669 -0.98265154 0.31648342 0.13261160 -0.10073628 -2.87336000 0.31874313 -0.74121907 0.42566412 1.15400067 -1.37135111 -1.22375514 -0.71761680 -0.58044408 -0.23507318 -2.35435566 2.22023590 1.57471384 -0.45564571 -1.30735230 -0.77300828 0.30381002 -0.35997705 -1.37834656 0.73381185 -0.53738307 2.69857354 -0.84865849 0.02435224 0.20331546 -0.26269512 -0.60407532 -3.21780483 0.99501970 1.88768143 -0.11709934 0.84630913 -1.33235054 -0.03977343 0.93923608
-0.43524036 -0.13211599 -0.01313636 -0.35718365 2.73100959 0.39344968 1.21069025 -0.37041447 0.85273132 -0.92687877 0.86403032 1.07511543 0.20173288 -0.07833130 1.72839806 1.15159686 0.88712481 -0.07364422 1.34210982 -2.45620340 0.06579509 -0.05084027 0.57076505 -0.39844172 0.74258659 0.39621188 -0.21986401 -0.99577329 0.01690304 1.11727734 -0.15924369 -0.71395398 0.76173734 -1.67893011 -0.93910213 -0.15823138 -0.42738138 -1.11790122 -0.90766869 0.66908202 -2.14950236 -0.31247109 -1.09824969 0.36577702 0.30055818 0.23113138 -0.18761649 0.09791954 -3.11647442 1.07631511 0.58418727
-0.21243659 -0.74687863 2.59636851 0.27413007 0.36625580 -0.23323972 -0.36575627 0.62746531 -1.06664217 -1.08209813 -2.68844962 0.18580543 -0.68304839 -0.43349001 -1.06234335 0.82882394 0.03745712 0.37695451 -0.47229170 0.37013851 1.41425903 0.85666057 3.24379428 -0.59641721 -0.12320528 1.66937271 -1.37214603 0.60790201 1.18602154 -1.60731907 0.56583992 0.68749914 -1.44276605 0.09429791 2.20992206 -1.48635011 -0.47361965 -0.36601208 -0.91367670 -1.20989525 -1.13842580 0.56126964 1.51197394 0.39875642 0.96523064 0.09327449 1.07989801 -1.58382965 0.38159069 0.25552055 0.19784838
-0.32653874 0.52818784 -0.50892536 -0.38746163 1.21402680 1.25049663 -1.01555788 -1.55249867 -1.74621356 1.09266970 1.30460378 -0.91950030 -0.16829858 -1.45384556 0.52051434 -1.58492254 -1.92446328 0.57562814 -1.07725302 -0.85720110 -0.62810741 1.65927550 -1.02761748 -0.40151709 0.71865606 -0.80096052 -0.84290268 0.83660923 -2.58973497 0.03723858 1.42804605 0.29122005 0.90312269 0.16006228 0.09481480 1.24061639 -0.55755663 -0.36335552 -0.84928286 0.09341117 -1.30081494 0.58497083 2.68599928 -0.41000693 -1.21746007 1.18067054 -0.62151213 -0.43356398 1.18082748 0.34993006 -0.17362053
-0.09521272 -1.16749829 1.96049621 0.06705660 -1.03547060 1.01676009 0.39251007 -0.68659002 0.68194908 -0.51169713 -0.68255322 -1.37745326 0.62269058 0.45174838 -1.17449628 1.17562993 1.78432482 -0.01671077 1.73575941 -0.74243393 -1.51594755 -1.18885733 -0.80077979 -0.14380732 -0.66692891 -2.14193069 -0.78590952 -0.14719763 1.84443302 2.28493827 1.05374712 0.43738390 -0.89068350 1.44116938 2.56783078 0.33380679 -0.37935112 0.99220810 0.66825489 0.03731559 1.46448693 -0.07431255 -0.58504250 0.71960485 -0.02373613 -0.54783931 -0.95093241 -0.56846435 1.94335143 0.83280987 -1.03351371

