-0.04268763 0.34822724 -0.42996745 0.31599760 -0.36788318 -0.22711789 -0.47693107 0.25969043 0.15334612 0.24667078 -0.09462454 0.39061881 -0.39373945 -0.34353963 0.16354875 0.39489373 -0.20206521 0.06448731 0.33864678 -0.34802592 0.32594882 -0.14208153 0.19510434 0.01574981 -0.10660203
0.16280960 0.24833282 -0.17372401 -0.50014740 -0.13299714 -0.03504286 -0.43574561 -0.23183263 0.20296056 0.02227960 0.20518185 -0.30269712 -0.15162778 -0.44578746 0.02043471 0.44072741 -0.07475451 0.05686037 -0.51477794 0.06190624 0.30353805 -0.08564025 0.11882103 0.39884901 0.02166158
-0.09967761 -0.19425137 -0.46999596 0.28891199 -0.30380195 0.06259839 0.39208682 -0.15175468 -0.10659971 -0.38529923 -0.03792181 0.16739544 0.45463028 0.36620373 0.05412133 -0.15897405 0.10578879 0.27737444 0.04924386 -0.24077651 -0.25931832 0.29221565 0.35923902 0.46084597 0.03171637
0.27320295 -0.26617370 -0.03142283 0.40147946 0.23007747 0.04101075 -0.33006806 0.45470728 0.46029916 0.20103478 0.22352392 0.51828020 -0.24392528 0.14739636 0.15347393 -0.36777975 -0.03961691 -0.43825506 0.32838160 -0.15772077 0.01150742 0.05514271 -0.02406605 -0.28962746 0.11645847
-0.33886644 -0.21688372 -0.14366808 0.31480197 0.11678280 0.33706085 0.12848598 0.17199077 0.17681169 -0.40841778 -0.32890105 0.28661208 -0.18647006 0.37572486 -0.09544024 0.14736474 -0.05353533 0.37339026 -0.03119242 -0.17821748 -0.20798659 -0.22650643 0.40390052 0.35805131 -0.13629446
0.04636940 -0.32265643 0.36322529 0.23547384 0.07387818 -0.46154147 -0.33851526 -0.51168248 0.51370447 -0.29525544 0.07360019 -0.09360275 -0.43114364 0.37292893 0.35324110 -0.44949027 -0.06910646 0.07471554 0.15022018 0.49295189 -0.25265964 -0.39559122 -0.19215264 -0.38247493 0.33577343
-0.46996371 0.37151234 0.16266685 0.30117085 -0.10846506 -0.09960940 0.46094896 0.27109243 0.20262202 0.30881447 -0.43621521 0.11259584 -0.23653655 0.42620177 -0.34915610 0.06170133 -0.44446864 0.02298930 0.34871230 -0.16768789 0.01073232 0.41961599 -0.36425785 0.21740897 0.03629334
-0.02832564 -0.26923814 0.32865395 -0.31900292 -0.09496511 0.49264636 0.25881680 -0.06968776 0.29190165 0.10780641 0.23905318 0.33390369 -0.40877819 0.04017285 -0.16190093 -0.15390586 -0.05859854 0.17310124 0.33593284 0.21499246 -0.39433090 0.12434293 0.21859345 0.31625386 0.01104503
-0.00526611 0.26226606 0.03166957 0.49894666 -0.40578512 0.06366617 0.17579832 -0.25340802 0.27653452 -0.46690713 -0.04927108 -0.41192362 0.28205049 -0.10620904 -0.47455941 -0.49332715 -0.31599972 0.21259097 -0.20076373 0.15655808 0.18053562 -0.22594714 -0.30742763 0.44566042 -0.24126778
0.09193912 -0.44299429 -0.11865911 0.03935808 -0.31035174 0.02756664 0.22531256 -0.20502251 -0.41389558 -0.31018916 0.48035360 0.07350186 -0.44487420 -0.40107206 -0.22364276 0.36882423 0.15093275 0.22375084 0.05343570 0.07818239 -0.25506408 0.46832133 0.29307106 -0.16278098 -0.03385960
0.42668432 0.25458646 0.28483419 0.19671404 0.25872092 -0.25710889 0.10373272 -0.37555140 0.16835628 0.10586679 0.35390526 0.24444204 0.40081208 0.50034818 -0.23779313 -0.28871451 0.29982166 0.02039815 0.04555877 -0.34637091 0.30480469 0.02110023 0.01203491 -0.31244448 -0.08703843
-0.05773451 -0.02461099 -0.45875126 -0.05773350 0.49960805 -0.38283280 -0.03892595 0.33710637 -0.30754767 0.20519660 0.07142822 -0.47478158 0.32411595 0.26607232 0.09746290 -0.20358275 0.43960156 0.22149712 0.43276863 -0.23887203 -0.27822287 0.38473111 -0.17788877 -0.25669636 0.16369514
0.31661206 -0.49165531 0.23267604 -0.34862956 -0.34914769 -0.28262661 -0.33629871 0.21531437 0.00174285 0.11789757 -0.25431094 -0.28101145 0.41077879 -0.48061212 0.09088236 -0.24189839 0.19985302 -0.23087789 -0.44628271 -0.08830137 0.44951768 0.43418488 -0.26403741 0.09375810 -0.36614159
-0.10569951 0.44062163 0.42608825 0.44015431 -0.48568297 0.37604305 0.44259522 0.23810924 0.18860117 -0.42213132 -0.12492530 -0.36601868 -0.31801440 0.25704377 -0.05759628 0.16691089 0.10115166 0.15967495 -0.28328562 -0.19385508 0.13833904 0.48501687 -0.14456849 -0.53717190 0.03609554
0.25636056 -0.05190915 -0.04821046 0.03960893 -0.46579285 0.26014504 -0.14564805 -0.06710060 -0.11066362 -0.15312959 0.22721573 -0.44496338 0.38651403 -0.06861099 0.27008717 0.12538412 0.20194179 0.40556851 0.10286080 0.12283641 -0.37348375 -0.19254689 -0.43541127 0.18078786 -0.51272781
-0.10701233 -0.37819350 -0.20783462 -0.04586863 0.39400294 0.05359531 -0.00917113 0.31460695 0.19511024 -0.15399811 0.41940646 0.36269888 0.04768199 0.24625196 -0.32900880 -0.28572010 -0.04388198 0.28307070 -0.11289386 0.39465476 0.31942204 -0.01623962 0.13189337 0.39601616 0.24521022
0.11609139 -0.02058977 -0.02096730 -0.02380481 -0.36537584 -0.29953426 -0.30388279 0.12298906 -0.48899638 0.19581983 0.37584981 0.05268090 0.20549685 0.01684493 -0.26962379 -0.34652479 0.50382668 0.15390379 -0.04385440 -0.09847200 0.48219573 -0.21365899 -0.17269899 0.45923477 0.17255835
-0.25882528 -0.38026934 0.02987273 -0.06207813 0.00908386 -0.26251436 -0.31396076 -0.39303166 0.30800747 0.11812789 0.18229102 -0.22864260 0.48137020 0.40619491 -0.46509527 0.17494670 0.04753956 0.13849503 -0.01297392 -0.15258537 0.05964160 0.42937518 -0.28302002 -0.20310675 -0.29864486
0.00396883 0.48516110 0.32941814 -0.40380261 0.37384353 -0.14498472 -0.13341042 -0.44530463 -0.47664393 0.29581470 -0.15686330 0.27077783 0.27647943 0.42476103 0.34210275 0.02331872 -0.13242797 0.48512270 0.48328806 -0.31655165 0.12420797 -0.16060291 0.13492888 0.27110304 -0.38763317
-0.40055511 0.22469019 -0.43979751 0.24834691 -0.47852168 0.30166850 -0.20587098 -0.21364938 -0.12672462 0.09457774 -0.23083351 0.22581653 0.13491804 -0.36976215 0.41590583 0.17935796 -0.22284238 -0.43875974 -0.37865534 -0.06966689 0.23383503 -0.25609776 -0.40870408 0.18769262 -0.17564890

