-0.063483 0.617728 1.471392 -0.461709 1.097433 1.905949 -0.372780 0.813686 2.032150
0.479642 -0.065290 0.235206 0.269016 -0.234731 -0.523625 0.750525 0.219730 -0.498723
1.400894 0.736917 0.061392 0.669555 0.221549 0.132091 0.700324 0.922332 0.521588
0.017719 0.347417 0.479381 -0.289038 0.255806 -0.055206 -0.208871 0.514264 0.084839
-0.369010 -0.361534 0.230925 0.354274 -0.153355 0.029156 -0.012017 -0.216388 -0.351247
-0.542618 0.009647 0.032235 -0.097703 0.175699 0.227122 -0.255292 -0.383831 -0.329348
-0.317746 -0.395048 -0.484376 -0.349240 0.017167 -0.136057 -0.015856 0.026786 0.175721
-0.314904 -0.014129 -0.545863 -0.614188 -0.033467 -0.357959 -0.503597 0.106910 -0.437463
-0.346727 0.262969 0.173629 -0.557561 0.038387 -0.303004 -0.138565 -0.103216 -0.666603
0.110015 0.479215 0.396530 0.373760 0.385008 -0.452032 -0.178567 -0.336631 -0.017004
0.280063 0.438173 -0.435480 -0.024083 -0.140560 0.467651 -0.291398 0.387853 -0.201859
-0.296681 0.426372 0.229456 0.020052 -0.288277 -0.282013 0.260351 -0.378028 -0.426564
-0.024414 -0.412804 0.423750 0.122426 -0.258802 -0.106676 0.488715 0.158250 -0.259309
0.035828 0.136239 0.078315 0.111308 0.430972 0.195494 0.442955 -0.005541 0.341376
-0.404491 -0.413420 0.474143 -0.269182 0.177700 0.234953 0.085928 -0.017138 0.116454
-0.121377 -0.262861 0.386765 0.551969 -0.451173 -0.177020 -0.146785 -0.106709 0.241793
0.046260 -0.471614 0.291162 0.205514 0.024229 -0.354048 0.367919 -0.384671 0.517184
-0.047740 0.239576 -0.284167 0.505695 0.351090 0.443374 -0.066164 -0.031802 0.609675
0.318216 0.121278 0.019096 0.525055 -0.403125 -0.253693 -0.302094 -0.341283 0.459065
0.393152 -0.110955 0.177690 0.635103 -0.161545 0.265222 0.327997 -0.095417 -0.006040
-0.150848 -0.158650 0.247581 0.610781 -0.113134 0.196581 -0.450637 -0.133720 0.229148
0.469926 0.495985 -0.157893 0.281275 -0.428594 0.198358 -0.423827 -0.437060 -0.408784
0.253301 0.262628 0.367166 -0.216019 0.470711 -0.165810 0.128815 0.204269 0.232320
-0.261476 -0.226299 0.030152 0.284809 0.052258 0.324038 0.457920 0.443537 0.513100
0.514716 0.452442 0.095674 0.169641 0.103995 0.411366 0.129651 -0.178860 0.092698
-0.481359 0.441554 0.063149 0.406392 0.158503 -0.553605 -0.548851 0.259846 -0.504868
0.045718 -0.220214 -0.476098 0.256282 0.195412 0.059736 -0.035171 -0.344518 -0.459640
0.227015 0.050990 0.521732 0.244352 -0.014920 0.648852 0.246811 -0.184594 0.529774
-0.182250 0.520023 -0.267037 0.465421 -0.158745 0.708656 -0.179569 0.126843 -0.278941
0.251950 -0.272959 -0.339424 0.399693 0.284457 0.018635 -0.213906 0.121480 0.455796
-0.400182 -0.181674 0.481330 0.147464 0.502202 0.147222 0.138906 -0.242025 -0.037955
0.541954 0.174636 0.656758 0.519844 -0.369118 0.146980 0.566231 0.523627 0.005240

